# VERSION_SNANA      = v10_78d 
# VERSION_PHOTOMETRY = Foundation_DR1 
# SNANA_VERSION : v10_78d 
# TABLE NAME: FITRES 
# 
VARNAMES:  CID IDSURVEY TYPE FIELD CUTFLAG_SNANA zHEL zHELERR zCMB zCMBERR zHD zHDERR VPEC VPECERR MWEBV HOST_LOGMASS HOST_LOGMASS_ERR HOST_sSFR HOST_sSFR_ERR SNRMAX1 SNRMAX2 SNRMAX3 PKMJD PKMJDERR x1 x1ERR c cERR mB mBERR x0 x0ERR COV_x1_c COV_x1_x0 COV_c_x0 NDOF FITCHI2 FITPROB 
#
SN: 2016afk 150 1 NULL 3 0.04561 0.00001 0.04672 0.00001 0.04686 0.00087 38.92900 250 4.98360e-02 9.98200 2.00000e-03 -9 -9 50.37716 35.34148 -99 57440.781 0.280 -3.22701e-01 0.20928 4.09614e-02 3.59843e-02 17.48197 4.31799e-02 1.82479e-03 7.25723e-05 1.78810e-03 -3.86106e-06 -2.34128e-06 14 48.11647 1.25747e-05
SN: 2016W 150 1 NULL 3 0.01925 0.00007 0.01856 0.00007 0.02013 0.00085 460.09601 250 5.98882e-02 11.38800 2.00000e-03 -9 -9 67.31948 65.90749 -99 57417.797 0.124 -1.41159e+00 0.10048 4.77467e-02 3.43633e-02 15.54516 3.98787e-02 1.08626e-02 3.98981e-04 4.86729e-05 -6.16387e-06 -1.17336e-05 10 17.96674 5.55272e-02
SN: ASASSN-15bc 150 1 NULL 3 0.03672 0.00010 0.03639 0.00010 0.03801 0.00087 467.85101 250 3.74655e-02 10.18700 1.10000e-02 -9 -9 68.98033 67.97442 -99 57047.805 0.163 0.58245 0.15595 6.11083e-02 3.08020e-02 16.84699 3.54940e-02 3.27494e-03 1.07061e-04 2.01362e-04 -2.95050e-06 -2.85184e-06 10 4.38669 0.92822
SN: ASASSN-15fa 150 1 NULL 3 0.02735 0.00001 0.02722 0.00001 0.02726 0.00086 13.42500 250 2.35997e-02 11.26800 1.00000e-03 -9 -9 70.39776 69.89722 -99 57103.422 0.264 -4.36422e-01 0.11261 4.86535e-02 3.26272e-02 16.29300 3.71447e-02 5.45507e-03 1.86626e-04 3.70113e-05 -1.02296e-06 -5.27885e-06 10 178.46399 4.88194e-33
SN: ASASSN-15fs 150 1 NULL 3 0.02902 0.00005 0.02852 0.00005 0.02925 0.00086 212.96600 250 7.74664e-02 10.37900 1.00000e-03 -9 -9 68.67139 68.16100 -99 57113.352 0.188 -3.18808e-03 0.12378 1.01488e-02 3.18673e-02 15.99948 3.92377e-02 7.14839e-03 2.58338e-04 1.98606e-04 -2.88999e-06 -7.03224e-06 11 36.95209 1.17381e-04
SN: ASASSN-15go 150 1 NULL 3 0.01892 0.00015 0.01927 0.00015 0.01879 0.00086 -1.40463e+02 250 0.13748 10.07200 2.70000e-02 -9 -9 68.29001 66.16085 -99 57122.391 0.079 2.78076 0.70536 0.23413 4.69686e-02 15.85493 5.65129e-02 8.16637e-03 4.25062e-04 5.49411e-03 -8.44957e-05 -1.63641e-05 4 1.82681 0.76757
SN: ASASSN-15hg 150 1 NULL 3 0.02992 0.00001 0.03104 0.00001 0.03112 0.00086 25.68700 250 4.20214e-02 10.50700 6.00000e-03 -9 -9 62.34351 60.30254 -99 57131.504 0.549 -1.29938e+00 0.13914 1.81266e-02 3.56445e-02 16.60581 4.36968e-02 4.08955e-03 1.64589e-04 -1.06380e-03 6.52915e-06 -5.00085e-06 10 11.08986 0.35056
SN: ASASSN-15il 150 1 NULL 3 0.02332 0.00015 0.02373 0.00015 0.02289 0.00087 -2.47019e+02 250 0.14965 10.13400 2.00000e-03 -9 -9 65.64294 65.58196 -99 57161.367 0.182 1.25222 0.12132 -1.03490e-01 3.31336e-02 15.17607 4.68741e-02 1.52607e-02 6.58843e-04 -7.45720e-05 -9.13416e-06 -1.75553e-05 12 40.92266 5.04825e-05
SN: ASASSN-15jl 150 1 NULL 3 0.03468 0.00001 0.03492 0.00001 0.03520 0.00086 79.62900 250 1.37576e-02 9.10100 0.14200 -9 -9 61.91462 60.70512 -99 57165.977 0.256 0.26532 0.14351 -8.14384e-02 3.14825e-02 16.39924 3.45955e-02 4.94657e-03 1.57616e-04 -3.19142e-04 9.40582e-08 -4.32438e-06 10 25.63908 4.25715e-03
SN: ASASSN-15jt 150 1 NULL 3 0.02306 0.00001 0.02394 0.00001 0.02178 0.00085 -6.33119e+02 250 9.65878e-03 10.16200 1.00000e-03 -9 -9 57.79140 56.02505 -99 57169.758 0.181 -2.33649e+00 0.13939 0.21213 3.86734e-02 16.72925 4.34633e-02 3.65005e-03 1.46116e-04 4.33082e-04 -4.58803e-06 -4.95851e-06 14 43.40397 7.38126e-05
SN: ASASSN-15kx 150 1 NULL 3 0.01802 0.00008 0.01698 0.00008 0.01715 0.00085 48.03200 250 0.14108 10.18700 2.80000e-02 -9 -9 66.84894 65.00256 -99 57191.625 0.147 -1.43566e+00 0.13744 -9.11046e-02 3.46526e-02 15.34140 4.67553e-02 1.31051e-02 5.64349e-04 1.47940e-04 -9.14830e-06 -1.58461e-05 10 14.40762 0.15520
SN: ASASSN-15la 150 1 NULL 3 0.02782 0.00001 0.02844 0.00001 0.02824 0.00086 -5.69140e+01 250 1.62600e-02 11.04900 0.12500 -9 -9 63.09658 60.53034 -99 57189.992 0.234 -8.95111e-01 0.21218 7.55086e-02 3.30015e-02 16.09843 3.77335e-02 6.52570e-03 2.26793e-04 9.10778e-04 -7.39067e-06 -6.61953e-06 11 49.87293 6.59738e-07
SN: ASASSN-15lg 150 1 NULL 3 0.02015 0.00001 0.02119 0.00001 0.02018 0.00085 -2.98271e+02 250 2.65131e-02 9.83600 1.30000e-02 -9 -9 67.54515 66.63794 -99 57196.504 0.285 -1.24853e+00 0.13666 -7.50559e-02 4.00317e-02 15.40711 5.11418e-02 1.23355e-02 5.81043e-04 2.17595e-04 -1.08132e-05 -2.07240e-05 7 13.83517 5.41919e-02
SN: ASASSN-15lu 150 1 NULL 3 0.03505 0.00001 0.03575 0.00001 0.03643 0.00086 198.24800 250 1.38128e-02 10.22700 1.00000e-02 -9 -9 50.84834 49.87078 -99 57199.309 0.371 -2.43189e-01 0.20123 -4.27315e-02 3.39935e-02 16.75216 3.88855e-02 3.57384e-03 1.27997e-04 -6.27459e-04 2.42124e-06 -3.73220e-06 10 44.85148 2.31308e-06
SN: ASASSN-15mf 150 1 NULL 3 0.02604 0.00001 0.02689 0.00001 0.02652 0.00086 -1.08910e+02 250 3.17787e-02 10.54700 1.00000e-03 -9 -9 64.82610 63.91164 -99 57212.496 0.355 -1.15812e+00 0.17247 -1.33209e-02 3.40803e-02 15.97222 3.84912e-02 7.33017e-03 2.59867e-04 3.62682e-05 1.71654e-06 -7.51913e-06 6 11.85136 6.53681e-02
SN: ASASSN-15mg 150 1 NULL 3 0.04278 0.00001 0.04306 0.00001 0.04460 0.00087 442.18500 250 2.78557e-02 10.13400 2.90000e-02 -9 -9 50.14113 47.55321 -99 57218.105 0.140 -1.54342e+00 0.15848 -3.56545e-02 3.63490e-02 17.21580 3.94310e-02 2.33173e-03 8.46823e-05 -6.77139e-04 -1.15932e-06 -2.61471e-06 13 10.71336 0.63482
SN: ASASSN-15mi 150 1 NULL 3 0.03442 0.00000 0.03500 0.00000 0.03595 0.00086 277.06100 250 1.80920e-02 9.75500 0.29700 -9 -9 62.29268 61.24119 -99 57221.289 0.172 0.51418 0.14068 -1.65345e-03 3.19118e-02 16.24762 3.55060e-02 5.68791e-03 1.86007e-04 -1.06935e-04 -2.97239e-06 -5.16763e-06 8 50.92217 2.71623e-08
SN: ASASSN-15np 150 1 NULL 3 0.03768 0.00005 0.03830 0.00005 0.03886 0.00087 162.68100 250 2.64220e-02 10.12200 1.00000e-03 -9 -9 54.50460 52.66389 -99 57241.680 0.022 -1.06571e+00 0.16522 5.70282e-02 3.52716e-02 17.05505 3.86600e-02 2.70383e-03 9.62758e-05 -3.16237e-04 -8.30603e-07 -2.94368e-06 6 10.46710 0.10631
SN: ASASSN-15nq 150 1 NULL 3 0.03036 0.00001 0.03025 0.00001 0.02995 0.00086 -8.87340e+01 250 3.98663e-02 10.87300 1.30000e-02 -9 -9 64.39790 63.95840 -99 57247.621 0.137 -3.28605e-01 0.12828 -8.54822e-02 3.25675e-02 16.09212 3.75156e-02 6.56377e-03 2.26799e-04 3.48071e-04 -7.07469e-06 -6.38316e-06 8 21.70994 5.48252e-03
SN: ASASSN-15nr 150 1 NULL 3 0.02321 0.00018 0.02309 0.00018 0.02343 0.00087 97.77000 250 0.11158 10.44000 1.30000e-02 -9 -9 66.40259 65.83674 -99 57250.078 0.139 1.22710 0.18088 3.36596e-02 3.45602e-02 15.56284 4.58174e-02 1.06872e-02 4.50995e-04 9.15791e-04 -2.52166e-05 -1.30036e-05 8 11.10487 0.19583
SN: ASASSN-15od 150 1 NULL 3 0.01760 0.00001 0.01679 0.00001 0.01726 0.00085 137.89400 250 2.55052e-02 9.89900 1.00000e-03 -9 -9 68.61534 68.07304 -99 57256.559 0.339 -1.23215e+00 0.20781 -8.66418e-02 3.60025e-02 15.03959 3.93396e-02 1.73047e-02 6.27002e-04 9.38664e-04 -1.52566e-05 -1.93974e-05 4 3.20184 0.52463
SN: ASASSN-15oh 150 1 NULL 3 0.01684 0.00011 0.01581 0.00011 0.01574 0.00085 -1.83580e+01 250 0.12766 10.27100 6.00000e-03 -9 -9 64.97733 62.46860 -99 57255.871 0.180 -1.60556e+00 0.14611 2.91259e-02 3.96919e-02 15.45318 5.22130e-02 1.18230e-02 5.68570e-04 1.89780e-04 -2.02994e-05 -1.86861e-05 7 23.43784 1.42961e-03
SN: ASASSN-15pm 150 1 NULL 3 0.04878 0.00015 0.04781 0.00015 0.04847 0.00089 187.25700 250 2.76521e-02 10.66700 9.70000e-02 -9 -9 58.19373 55.89251 -99 57278.625 0.350 -3.74102e-02 0.17219 -5.32116e-02 3.42802e-02 16.97371 3.75702e-02 2.91418e-03 1.00841e-04 -6.27586e-04 -6.59360e-07 -2.94514e-06 10 11.60387 0.31244
SN: ASASSN-15pn 150 1 NULL 3 0.03836 0.00000 0.03801 0.00000 0.03961 0.00087 460.24600 250 8.10493e-02 9.68100 9.60000e-02 -9 -9 52.20631 47.65014 -99 57280.418 0.286 0.47073 0.18447 1.17496e-02 3.50162e-02 16.93756 4.20769e-02 3.01283e-03 1.16760e-04 -1.29632e-04 -2.92994e-06 -3.41302e-06 8 10.69376 0.21966
SN: ASASSN-15pr 150 1 NULL 3 0.03309 0.00015 0.03193 0.00015 0.03313 0.00087 348.30200 250 2.94079e-02 9.80100 2.00000e-03 -9 -9 48.31091 40.74369 -99 57282.941 0.971 -6.72364e-01 0.24883 -5.43262e-02 4.48600e-02 16.63824 6.67253e-02 3.96921e-03 2.43933e-04 -5.01703e-03 3.31632e-05 -9.43804e-06 8 12.72833 0.12154
SN: ASASSN-15sf 150 1 NULL 3 0.02468 0.00100 0.02352 0.00100 0.02440 0.00131 258.80301 250 2.63781e-02 9.36500 3.40000e-02 -9 -9 67.15331 66.00014 -99 57333.301 0.176 0.90403 0.14329 -6.45587e-02 3.31154e-02 15.69811 3.79107e-02 9.43527e-03 3.29452e-04 1.16607e-04 -1.22794e-05 -9.31741e-06 8 33.18727 5.69820e-05
SN: ASASSN-15so 150 1 NULL 3 0.00702 0.00001 0.00773 0.00001 0.00882 0.00084 324.68399 250 1.26300e-02 10.63700 1.00000e-03 -9 -9 71.62666 71.45718 -99 57345.418 0.165 -8.41481e-01 8.40038e-02 -5.74028e-02 3.21079e-02 13.46101 3.69535e-02 7.40623e-02 2.52074e-03 -1.37916e-04 -1.44634e-05 -7.11450e-05 14 18.98179 0.16565
SN: ASASSN-15ss 150 1 NULL 3 0.03556 0.00012 0.03591 0.00012 0.03602 0.00087 32.69900 250 0.19921 11.07200 0.10400 -9 -9 53.51463 50.14573 -99 57338.219 0.060 0.79844 0.15989 -1.10691e-01 3.79183e-02 16.33005 5.75736e-02 5.27206e-03 2.79563e-04 4.36139e-04 -9.15213e-06 -8.51975e-06 8 10.77123 0.21500
SN: ASASSN-15tg 150 1 NULL 3 0.03562 0.00006 0.03449 0.00006 0.03533 0.00086 242.35001 250 2.47216e-02 10.17200 4.00000e-03 -9 -9 63.43384 61.86385 -99 57361.344 0.424 1.59927 0.22269 -4.75752e-02 3.38056e-02 16.23706 3.67626e-02 5.74349e-03 1.94472e-04 -8.13088e-04 -6.56143e-07 -5.61003e-06 7 16.82730 1.85443e-02
SN: ASASSN-15ti 150 1 NULL 3 0.01732 0.00005 0.01672 0.00005 0.01647 0.00085 -7.22350e+01 250 0.12944 8.72200 1.00000e-03 -9 -9 67.73743 65.47763 -99 57364.121 0.181 -1.47764e+00 0.10288 -3.73171e-02 3.47177e-02 15.38373 4.57058e-02 1.26040e-02 5.30588e-04 -5.92811e-05 -5.28292e-06 -1.51185e-05 11 9.31550 0.59279
SN: ASASSN-15tz 150 1 NULL 3 0.02286 0.00003 0.02221 0.00003 0.02404 0.00085 536.57501 250 0.14106 10.35900 5.00000e-03 -9 -9 59.83960 52.95045 -99 57376.133 0.170 -1.51088e+00 0.14750 0.11651 3.88201e-02 16.24577 5.24507e-02 5.69761e-03 2.75245e-04 3.74345e-04 -8.60071e-06 -8.86278e-06 8 4.13051 0.84516
SN: ASASSN-15uu 150 1 NULL 3 0.02678 0.00001 0.02581 0.00001 0.02641 0.00086 174.25200 250 5.88113e-02 9.74000 7.00000e-03 -9 -9 63.17358 60.64481 -99 57389.195 0.399 1.35334 0.19053 9.30605e-02 3.43654e-02 16.24434 4.11958e-02 5.70508e-03 2.16466e-04 -1.25144e-04 -1.92850e-06 -6.35124e-06 8 64.25391 6.77711e-11
SN: ASASSN-15uv 150 1 NULL 3 0.02028 0.00002 0.02103 0.00002 0.02169 0.00085 195.24400 250 2.86457e-02 9.77000 1.00000e-03 -9 -9 69.65130 61.92073 -99 57392.500 0.182 0.26402 0.12312 0.27678 3.20860e-02 16.33307 3.82251e-02 5.25742e-03 1.85096e-04 -5.50062e-05 -1.20671e-06 -5.34763e-06 18 20.24681 0.31910
SN: ASASSN-15uw 150 1 NULL 3 0.03081 0.00015 0.03006 0.00015 0.03107 0.00087 294.55701 250 2.31664e-02 10.41800 1.00000e-03 -9 -9 59.64966 57.30952 -99 57393.035 0.168 -4.88942e-01 0.11718 1.99841e-02 4.34942e-02 16.57682 4.65633e-02 4.20024e-03 1.80133e-04 1.65738e-04 -2.75178e-06 -7.25030e-06 10 37.01432 5.62715e-05
SN: ASASSN-16ad 150 1 NULL 3 0.01613 0.00001 0.01523 0.00001 0.01589 0.00085 193.26401 250 4.21356e-02 9.45700 2.00000e-03 -9 -9 69.86102 68.99573 -99 57406.434 0.086 0.21398 7.97318e-02 2.24139e-02 3.14932e-02 14.89767 3.69321e-02 1.97212e-02 6.70830e-04 -1.13231e-04 -5.20515e-06 -1.84713e-05 10 22.71209 1.18607e-02
SN: ASASSN-16aj 150 1 NULL 3 0.03074 0.00008 0.03053 0.00008 0.03016 0.00086 -1.06427e+02 250 2.81744e-02 10.75100 6.00000e-03 -9 -9 68.51659 55.89570 -99 57401.941 0.409 -1.77127e+00 0.15165 -1.81621e-02 3.55827e-02 16.41008 4.48798e-02 4.89742e-03 2.02439e-04 -2.38655e-05 1.21366e-06 -6.51897e-06 18 10.61169 0.91010
SN: ASASSN-16av 150 1 NULL 3 0.02567 0.00007 0.02673 0.00007 0.02758 0.00086 246.58600 250 2.36045e-02 10.76800 1.00000e-03 -9 -9 54.90901 49.90017 -99 57409.844 0.293 0.10706 0.15104 0.19440 3.47398e-02 16.42645 4.19278e-02 4.82412e-03 1.86293e-04 -1.49957e-04 -1.53742e-06 -5.62181e-06 10 98.08216 1.31793e-16
SN: ASASSN-16ay 150 1 NULL 3 0.02834 0.00001 0.02893 0.00001 0.02898 0.00086 12.88300 250 5.92070e-02 10.61500 1.00000e-03 -9 -9 62.05272 54.95177 -99 57416.652 0.523 0.99523 0.16629 0.20907 3.48979e-02 16.76481 4.38863e-02 3.53246e-03 1.42785e-04 -7.69972e-04 3.65454e-06 -4.16626e-06 8 10.79109 0.21382
SN: ASASSN-16bc 150 1 NULL 3 0.03194 0.00015 0.03311 0.00015 0.03319 0.00087 23.83500 250 4.77731e-02 10.46100 2.00000e-03 -9 -9 64.48760 63.52910 -99 57430.145 0.130 0.69881 0.12573 -1.40502e-01 3.28809e-02 15.90366 3.74665e-02 7.80795e-03 2.69436e-04 -1.69478e-04 -5.66654e-06 -7.53249e-06 8 34.76706 2.94809e-05
SN: ASASSN-16bq 150 1 NULL 3 0.02494 0.00001 0.02580 0.00001 0.02489 0.00086 -2.67624e+02 250 3.30339e-02 10.79500 1.00000e-03 -9 -9 68.85965 63.17155 -99 57437.836 0.190 -1.67220e+00 6.75638e-02 -4.86288e-02 3.31678e-02 16.04611 3.97636e-02 6.84788e-03 2.50794e-04 -1.27068e-04 -2.29452e-06 -7.35699e-06 24 26.79652 0.31403
SN: ASASSN-16br 150 1 NULL 3 0.02852 0.00015 0.02899 0.00015 0.03003 0.00087 301.23001 250 0.13795 10.23800 2.00000e-03 -9 -9 60.99393 57.70438 -99 57439.742 0.123 0.82294 0.10059 -5.23098e-02 3.32287e-02 15.99945 4.55086e-02 7.14861e-03 2.99634e-04 -4.52349e-04 -2.26369e-06 -8.05048e-06 14 17.18916 0.24624
SN: ASASSN-16ch 150 1 NULL 3 0.02668 0.00001 0.02767 0.00001 0.02913 0.00086 425.68500 250 2.14876e-02 10.33100 1.00000e-03 -9 -9 57.54915 50.69855 -99 57454.855 0.183 -4.15058e-01 8.72775e-02 0.30584 3.32137e-02 17.12480 3.81110e-02 2.53559e-03 8.90030e-05 -3.84107e-04 -1.68525e-07 -2.61448e-06 14 5.12732 0.98396
SN: ASASSN-16cs 150 1 NULL 3 0.01802 0.00001 0.01838 0.00001 0.01893 0.00085 162.20300 250 0.11447 9.51700 2.00000e-03 -9 -9 68.30421 65.55231 -99 57464.605 0.145 0.14319 0.10462 4.41756e-02 3.28908e-02 15.31596 4.36962e-02 1.34157e-02 5.39924e-04 -1.27743e-04 -6.25506e-06 -1.47735e-05 8 25.61147 1.22370e-03
SN: ASASSN-16ct 150 1 NULL 3 0.04191 0.00004 0.04250 0.00004 0.04365 0.00087 331.11600 250 4.56249e-02 9.32900 5.30000e-02 -9 -9 62.75644 54.50103 -99 57459.535 0.540 1.58342 0.21469 -1.04648e-03 3.37484e-02 16.81005 3.83829e-02 3.38830e-03 1.19783e-04 -1.35489e-03 2.79248e-06 -3.46508e-06 16 43.09038 2.70825e-04
SN: ASASSN-16db 150 1 NULL 3 0.03486 0.00001 0.03586 0.00001 0.03575 0.00086 -3.06690e+01 250 2.26062e-02 11.16100 1.30000e-02 -9 -9 57.09892 52.76581 -99 57465.305 0.225 -1.01708e+00 0.14582 2.41160e-02 3.56615e-02 16.79797 4.04416e-02 3.42619e-03 1.27619e-04 -1.69856e-05 -3.36196e-06 -3.94046e-06 13 27.63570 1.01692e-02
SN: ASASSN-16dn 150 1 NULL 3 0.01285 0.00010 0.01405 0.00010 0.01357 0.00085 -1.39772e+02 250 3.26925e-02 7.28500 1.70000e-02 -9 -9 71.84894 70.82751 -99 57489.855 0.074 0.48139 7.41863e-02 -8.50877e-02 3.06320e-02 14.29125 3.59245e-02 3.44748e-02 1.14069e-03 -6.06055e-05 -6.31673e-06 -3.09277e-05 14 33.38753 2.53232e-03
SN: ASASSN-16dw 150 1 NULL 3 0.03466 0.00015 0.03562 0.00015 0.03450 0.00088 -3.24647e+02 250 4.56106e-02 10.35000 1.00000e-03 -9 -9 58.93220 55.78553 -99 57482.621 0.351 -1.35697e-01 0.14558 6.29131e-02 3.34469e-02 16.69748 3.91248e-02 3.75844e-03 1.35436e-04 -4.55988e-04 1.24019e-06 -3.87104e-06 10 15.02439 0.13118
SN: ASASSN-16em 150 1 NULL 3 0.02302 0.00009 0.02296 0.00009 0.02390 0.00086 273.70099 250 0.11701 8.99800 1.40000e-02 -9 -9 61.79619 55.73591 -99 57500.930 0.146 0.62006 0.12154 3.45684e-02 3.31245e-02 15.87743 4.32567e-02 7.99885e-03 3.18682e-04 -5.00502e-04 -1.16837e-06 -8.73947e-06 12 68.17061 7.03253e-10
SN: ASASSN-16fo 150 1 NULL 3 0.02890 0.00021 0.02991 0.00021 0.03098 0.00088 310.02899 250 2.68325e-02 10.17200 1.00000e-03 -9 -9 64.37209 64.22943 -99 57539.953 0.420 0.61840 0.17999 -1.19655e-01 3.21128e-02 15.82549 3.76721e-02 8.39085e-03 2.91140e-04 -4.82298e-04 6.14949e-06 -8.02499e-06 10 19.08953 3.91401e-02
SN: ASASSN-16fs 150 1 NULL 3 0.02921 0.00001 0.02989 0.00001 0.02914 0.00086 -2.17637e+02 250 2.78596e-02 11.08000 2.00000e-03 -9 -9 62.37160 61.55697 -99 57542.488 0.350 -1.39589e+00 0.13127 -1.87254e-02 3.61877e-02 16.15380 4.33637e-02 6.20123e-03 2.47674e-04 -2.08285e-04 -8.00061e-08 -7.35085e-06 8 11.80035 0.16034
SN: ASASSN-16hc 150 1 NULL 3 0.05093 0.00001 0.05162 0.00001 0.05144 0.00088 -5.16940e+01 250 1.24845e-02 10.76000 1.00000e-03 -9 -9 56.63080 54.89690 -99 57582.953 0.071 0.57835 0.17107 -9.25418e-02 3.31770e-02 16.93364 3.53851e-02 3.02373e-03 9.85460e-05 -3.20227e-04 -1.79596e-06 -2.80472e-06 10 60.85969 2.49109e-09
SN: ASASSN-16hr 150 1 NULL 3 0.03086 0.00001 0.02983 0.00001 0.03097 0.00086 331.71201 250 0.10526 10.04500 3.00000e-03 -9 -9 61.88733 58.32878 -99 57596.848 0.683 1.16980 0.24271 5.35653e-02 3.50855e-02 16.29330 4.95092e-02 5.45358e-03 2.48681e-04 -1.30310e-03 1.69126e-05 -7.04508e-06 7 4.61339 0.70702
SN: ASASSN-16hz 150 1 NULL 3 0.02531 0.00015 0.02408 0.00015 0.02481 0.00087 212.95200 250 3.11734e-02 10.14200 2.00000e-03 -9 -9 66.53643 64.46226 -99 57605.109 0.453 -1.64153e-01 0.13801 9.50736e-02 3.33888e-02 15.97253 4.25557e-02 7.32803e-03 2.87224e-04 -4.77137e-04 9.17358e-06 -8.06129e-06 6 5.67930 0.46006
SN: ASASSN-16ip 150 1 NULL 3 0.01701 0.00010 0.01633 0.00010 0.01700 0.00085 198.14600 250 1.68380e-02 9.95300 6.00000e-03 -9 -9 68.41217 67.81808 -99 57619.293 0.124 -1.01609e+00 0.11328 -2.24127e-02 3.31160e-02 15.02439 3.72136e-02 1.75487e-02 6.01481e-04 8.32710e-05 -1.15265e-05 -1.73617e-05 8 30.80898 1.51936e-04
SN: ASASSN-16jf 150 1 NULL 3 0.01144 0.00001 0.01041 0.00001 0.01111 0.00084 208.52699 250 2.03573e-02 9.11700 1.30000e-02 -9 -9 70.29570 69.76151 -99 57629.926 0.009 -2.07765e+00 0.19772 1.26756e-02 4.49164e-02 14.60211 5.00893e-02 2.58914e-02 1.19447e-03 1.41815e-03 -9.10318e-05 -4.58503e-05 4 7.80165 9.91204e-02
SN: ASASSN-16la 150 1 NULL 3 0.01505 0.00004 0.01425 0.00004 0.01424 0.00085 -1.75100e+00 250 0.17993 9.03800 1.00000e-03 -9 -9 70.17014 69.40471 -99 57671.738 0.115 0.86300 0.12760 -9.53677e-02 3.36796e-02 14.24760 5.12372e-02 3.58889e-02 1.69364e-03 2.09855e-04 -2.57987e-05 -4.54636e-05 8 2.61312 0.95625
SN: ASASSN-16lg 150 1 NULL 3 0.02117 0.00011 0.02094 0.00011 0.02130 0.00086 103.82500 250 6.75076e-02 10.64100 1.00000e-03 -9 -9 62.99559 60.49732 -99 57674.570 0.203 -1.33187e+00 0.16553 -3.81213e-02 3.59721e-02 15.21261 4.20241e-02 1.47555e-02 5.71123e-04 1.90344e-04 -1.88588e-05 -1.73154e-05 6 9.98753 0.12518
SN: ASASSN-16oz 150 1 NULL 3 0.03100 0.00200 0.03204 0.00200 0.03184 0.00218 -5.71200e+01 250 4.68263e-02 7.50700 8.00000e-03 -9 -9 65.61673 63.83788 -99 57749.867 0.279 1.48909 0.18637 -3.25068e-02 3.59698e-02 15.91315 4.08097e-02 7.74001e-03 2.90924e-04 8.26593e-04 -1.57182e-05 -8.71957e-06 7 5.24792 0.62974
SN: ASASSN-17aj 150 1 NULL 3 0.02128 0.00011 0.02253 0.00011 0.02255 0.00086 7.37000 250 3.59651e-02 10.47600 1.40000e-02 -9 -9 67.63781 66.37244 -99 57773.066 0.135 0.10075 0.13410 9.11543e-03 3.25195e-02 15.53530 3.78484e-02 1.09618e-02 3.82124e-04 3.89808e-04 -1.12431e-05 -1.08777e-05 6 22.22197 1.10367e-03
SN: ASASSN-17at 150 1 NULL 3 0.02537 0.00001 0.02641 0.00001 0.02708 0.00086 197.19299 250 2.36917e-02 10.28300 0 -9 -9 63.72123 62.49498 -99 57776.836 0.409 -1.46992e+00 0.29060 -1.71465e-02 3.44310e-02 16.15282 3.78147e-02 6.20687e-03 2.16177e-04 1.12287e-03 -5.05255e-07 -6.29552e-06 6 14.75235 2.22729e-02
SN: ASASSN-17bs 150 1 NULL 3 0.02040 0.00002 0.02014 0.00002 0.02045 0.00085 89.71800 250 7.62632e-02 10.73500 1.20000e-02 -9 -9 66.16740 64.03902 -99 57791.125 0.182 -1.00951e+00 0.14502 6.61517e-02 3.44797e-02 15.64013 4.15918e-02 9.95282e-03 3.81267e-04 1.40448e-04 -7.14085e-06 -1.12465e-05 6 7.08874 0.31272
SN: ASASSN-17co 150 1 NULL 3 0.01826 0.00015 0.01792 0.00015 0.01845 0.00086 154.99699 250 9.07109e-02 11.01100 1.00000e-03 -9 -9 65.29193 65.04240 -99 57808.230 0.187 -5.73500e-01 0.15360 0.10698 3.57788e-02 15.33223 4.51938e-02 1.32163e-02 5.50127e-04 7.85590e-04 -2.34603e-05 -1.68406e-05 6 8.43970 0.20763
SN: ASASSN-17eb 150 1 NULL 3 0.04924 0.00001 0.04968 0.00001 0.05092 0.00088 354.23801 250 3.54671e-02 11.02600 0 -9 -9 51.50362 46.38326 -99 57836.855 0.587 -1.51077e+00 0.19081 4.94684e-02 3.95724e-02 17.51495 5.15069e-02 1.77018e-03 8.39769e-05 -1.18927e-03 3.23268e-06 -2.62127e-06 4 2.12702 0.71241
SN: AT2016aj 150 1 NULL 3 0.06741 0.00005 0.06731 0.00005 0.06845 0.00089 319.40500 250 4.13630e-02 10.71900 0 -9 -9 33.35056 29.67380 -99 57442.871 0.411 -1.03345e+00 0.35205 1.85759e-02 4.35788e-02 18.13215 4.62993e-02 1.00263e-03 4.27553e-05 -5.64146e-04 -1.77716e-06 -1.56397e-06 8 12.12296 0.14580
SN: AT2016bln 150 1 NULL 3 0.02330 0.00003 0.02424 0.00003 0.02318 0.00085 -3.09632e+02 250 2.50197e-02 11.02400 0.20900 -9 -9 69.65605 65.35993 -99 57499.547 0.089 1.13117 0.11856 2.29894e-03 3.22729e-02 15.63475 3.75664e-02 1.00023e-02 3.46080e-04 -1.75123e-04 -7.90924e-06 -9.63065e-06 16 36.35484 2.58244e-03
SN: AT2016cor 150 1 NULL 3 0.04954 0.00003 0.04994 0.00003 0.05097 0.00088 293.93701 250 2.66385e-02 10.28900 1.40000e-02 -9 -9 59.02036 39.47561 -99 57541.758 0.284 -5.45731e-01 0.29392 0.14283 3.49435e-02 18.10289 3.97531e-02 1.03002e-03 3.77130e-05 5.77975e-04 -6.09500e-07 -1.14343e-06 16 23.34317 0.10486
SN: AT2016cvv 150 1 NULL 3 0.04457 0.00040 0.04407 0.00040 0.04431 0.00096 69.63200 250 8.86039e-02 11.05000 3.40000e-02 -9 -9 48.07881 39.68603 -99 57558.117 0.073 1.49562 0.22880 6.17728e-02 3.92948e-02 17.20140 4.75094e-02 2.36287e-03 1.03394e-04 -6.35269e-04 -4.64181e-06 -3.37048e-06 6 21.81486 1.30804e-03
SN: AT2016cvw 150 1 NULL 3 0.03888 0.00009 0.03765 0.00009 0.03859 0.00087 272.64801 250 6.79254e-02 11.43700 1.00000e-03 -9 -9 51.25504 45.13719 -99 57560.172 0.417 -1.75562e+00 0.19297 2.48816e-02 4.06818e-02 17.05672 5.01692e-02 2.69968e-03 1.24746e-04 -5.95549e-04 -6.14784e-08 -4.16204e-06 10 15.58634 0.11210
SN: AT2016cyt 150 1 NULL 3 0.03074 0.00009 0.02968 0.00009 0.03099 0.00086 381.71201 250 7.16183e-02 10.87300 1.00000e-03 -9 -9 63.90022 62.69135 -99 57580.516 0.118 -1.77168e+00 8.40942e-02 -9.61208e-02 3.20276e-02 16.12615 3.80372e-02 6.36121e-03 2.22856e-04 -5.61477e-05 -1.97936e-06 -6.05311e-06 26 42.76637 2.04368e-02
SN: AT2016eoa 150 1 NULL 3 0.02109 0.00007 0.01995 0.00007 0.02113 0.00085 346.70001 250 6.08809e-02 11.54200 1.30000e-02 -9 -9 67.51421 65.84736 -99 57615.695 0.176 -1.56350e+00 0.15574 9.56536e-03 3.92784e-02 15.66964 4.39696e-02 9.68595e-03 3.92257e-04 -8.75137e-04 -9.06906e-06 -1.26241e-05 6 9.97661 0.12564
SN: AT2016ews 150 1 NULL 3 0.04555 0.00001 0.04610 0.00001 0.04649 0.00087 111.94500 250 3.80688e-02 10.66000 5.00000e-03 -9 -9 51.45321 48.09637 -99 57619.949 0.196 1.03350 0.21651 -1.52863e-01 3.61964e-02 16.75383 4.18900e-02 3.56834e-03 1.37674e-04 1.45236e-03 -1.17359e-05 -4.28137e-06 6 12.51076 5.14975e-02
SN: AT2016fbk 150 1 NULL 3 0.03587 0.00001 0.03498 0.00001 0.03609 0.00086 321.05600 250 4.19285e-02 11.27700 0.20100 -9 -9 55.45354 52.49989 -99 57625.164 0.151 7.06694e-03 0.13434 9.01533e-02 3.34624e-02 17.12095 3.91616e-02 2.54460e-03 9.17815e-05 -1.72761e-04 -1.86806e-06 -2.64096e-06 5 28.20660 3.31654e-05
SN: AT2016gmg 150 1 NULL 3 0.04944 0.00011 0.04844 0.00011 0.04856 0.00088 35.38900 250 0.11756 11.39700 1.00000e-03 -9 -9 41.76155 35.35918 -99 57662.176 0.237 -1.81260e+00 0.27291 -4.56958e-02 4.27341e-02 17.51329 5.26191e-02 1.77289e-03 8.59214e-05 1.19961e-03 -6.51500e-06 -3.03099e-06 8 26.09411 1.01205e-03
SN: AT2016gsu 150 1 NULL 3 0.07642 0.00006 0.07536 0.00006 0.07585 0.00090 134.30299 250 4.12907e-02 10.36900 2.00000e-03 -9 -9 31.71552 29.67970 -99 57671.172 0.496 -1.90637e+00 0.54727 -1.09450e-01 4.62909e-02 18.30649 4.66946e-02 8.53895e-04 3.67237e-05 1.93214e-03 -5.06384e-06 -1.36754e-06 8 15.18680 5.56134e-02
SN: AT2016hns 150 1 NULL 3 0.03817 0.00006 0.03708 0.00006 0.03717 0.00087 25.41400 250 6.26788e-02 10.60900 1.70000e-02 -9 -9 57.91495 55.44334 -99 57697.461 0.200 -9.97295e-01 0.17407 -9.06812e-02 3.41456e-02 16.64040 3.86315e-02 3.96130e-03 1.40947e-04 -9.36285e-05 -2.91547e-06 -4.05289e-06 6 12.05947 6.06551e-02
SN: AT2016htm 150 1 NULL 3 0.04331 0.00015 0.04268 0.00015 0.04283 0.00088 45.89400 250 1.45860e-02 10.43000 1.40000e-02 -9 -9 56.62460 52.69270 -99 57702.625 0.135 -4.57474e-01 0.19789 -7.20972e-02 3.24387e-02 16.84168 3.59481e-02 3.29100e-03 1.08963e-04 6.70482e-04 -4.41734e-06 -3.07322e-06 10 21.06856 2.06205e-02
SN: AT2016htn 150 1 NULL 3 0.05312 0.00015 0.05233 0.00015 0.05303 0.00089 201.46700 250 2.31814e-02 10.74000 1.00000e-03 -9 -9 46.25605 41.04445 -99 57701.281 0.301 -1.37281e-01 0.34593 8.12734e-02 3.67281e-02 17.78201 4.11269e-02 1.38420e-03 5.24324e-05 1.91985e-03 -5.18623e-06 -1.67477e-06 6 5.76676 0.44982
SN: AT2017cfb 150 1 NULL 3 0.02290 0.00001 0.02380 0.00001 0.02219 0.00085 -4.71532e+02 250 2.83890e-02 9.79300 1.30000e-02 -9 -9 68.71987 68.38579 -99 57836.801 0.264 0.97397 0.14944 -6.68435e-02 3.28909e-02 15.28504 3.70304e-02 1.38033e-02 4.70778e-04 -1.92291e-04 -5.41317e-06 -1.33293e-05 6 7.04368 0.31683
SN: AT2017cfc 150 1 NULL 3 0.02403 0.00016 0.02497 0.00016 0.02416 0.00087 -2.35834e+02 250 4.00918e-02 10.93300 0 -9 -9 66.87807 66.24120 -99 57837.539 0.121 -9.04131e-01 9.66754e-02 1.15998e-03 3.14016e-02 15.89497 3.63007e-02 7.87070e-03 2.63150e-04 6.83682e-05 -3.55520e-06 -7.16403e-06 10 25.65783 4.22869e-03
SN: AT2017cfd 150 1 NULL 3 0.01209 0.00016 0.01222 0.00016 0.01271 0.00086 147.18700 250 1.90022e-02 10.11400 1.00000e-03 -9 -9 70.51620 69.95052 -99 57843.648 0.104 -5.04047e-01 9.28047e-02 5.73590e-02 3.40068e-02 14.55128 3.80948e-02 2.71323e-02 9.51982e-04 -2.25486e-04 -9.37719e-06 -2.80485e-05 6 38.57561 8.66774e-07
SN: AT2017lm 150 1 NULL 3 0.03064 0.00006 0.03004 0.00006 0.03055 0.00086 150.27499 250 5.87575e-02 10.11000 1.30000e-02 -9 -9 64.59851 62.30049 -99 57778.805 0.449 1.10979 0.31486 -1.16501e-02 3.46330e-02 16.14042 3.93099e-02 6.27815e-03 2.27305e-04 7.23815e-04 -8.65360e-06 -6.72715e-06 4 4.14401 0.38687
SN: AT2017ns 150 1 NULL 3 0.02877 0.00040 0.02803 0.00040 0.02846 0.00094 122.76600 250 9.36689e-02 10.25500 7.00000e-03 -9 -9 54.38631 47.70775 -99 57784.270 0.243 -9.60124e-01 0.26501 0.22818 4.02173e-02 16.82346 4.87376e-02 3.34670e-03 1.50230e-04 2.43697e-03 -1.40135e-05 -5.15433e-06 5 10.16724 7.06328e-02
SN: AT2017oz 150 1 NULL 3 0.05569 0.00001 0.05638 0.00001 0.05611 0.00088 -7.53540e+01 250 1.08363e-02 10.03600 1.40000e-02 -9 -9 45.20498 44.44538 -99 57787.992 0.307 -7.24443e-02 0.31443 -1.70113e-02 3.65030e-02 17.51900 3.99197e-02 1.76360e-03 6.48431e-05 1.18061e-03 -6.23355e-06 -2.01076e-06 6 11.01662 8.78641e-02
SN: AT2017po 150 1 NULL 3 0.03183 0.00001 0.03201 0.00001 0.03234 0.00086 95.38600 250 1.19043e-02 9.68200 8.20000e-02 -9 -9 63.99282 63.56901 -99 57784.312 0.679 0.22266 0.24918 -6.81145e-02 3.55245e-02 16.12512 4.50144e-02 6.36726e-03 2.63985e-04 -2.64448e-03 2.68672e-05 -8.12587e-06 6 21.38584 1.56353e-03
SN: AT2017wb 150 1 NULL 3 0.03065 0.00008 0.03092 0.00008 0.03118 0.00086 75.11500 250 2.12494e-02 9.71100 1.40000e-02 -9 -9 62.15821 59.57007 -99 57790.125 0.217 1.36276 0.16090 6.98741e-02 3.34814e-02 16.35466 3.78158e-02 5.15389e-03 1.79508e-04 -1.84661e-04 -5.81853e-06 -5.13829e-06 14 22.87702 6.23005e-02
SN: AT2017yk 150 1 NULL 3 0.04644 0.00015 0.04758 0.00015 0.04673 0.00089 -2.43362e+02 250 2.95285e-02 10.62500 3.00000e-03 -9 -9 44.82706 41.24206 -99 57788.746 0.463 -6.37100e-01 0.55693 0.15493 4.19905e-02 17.95906 4.89855e-02 1.17592e-03 5.30542e-05 5.45649e-03 -1.27036e-05 -1.92853e-06 4 7.46692 0.11318
SN: AT2017zd 150 1 NULL 3 0.02947 0.00015 0.03046 0.00015 0.02940 0.00087 -3.08617e+02 250 7.27505e-02 10.11300 1.00000e-03 -9 -9 62.25572 58.68062 -99 57793.129 0.117 0.19621 0.11707 -4.93473e-02 3.28620e-02 15.88111 3.98390e-02 7.97179e-03 2.92510e-04 -1.25106e-04 -6.44228e-06 -8.04254e-06 9 24.71088 3.30821e-03
SN: ATLAS16agv 150 1 NULL 3 0.04779 0.00017 0.04778 0.00017 0.04825 0.00089 134.74300 250 2.11503e-02 6 0.10000 -9 -9 55.56345 52.68820 -99 57469.953 0.352 1.34517 0.20244 -8.79116e-02 3.33439e-02 16.83620 3.68219e-02 3.30765e-03 1.12176e-04 -3.63574e-04 -8.02851e-07 -3.17775e-06 10 22.88954 1.11617e-02
SN: ATLAS16bwu 150 1 NULL 3 0.07180 0.00006 0.07216 0.00006 0.07236 0.00090 55.23000 250 1.86687e-02 10.19400 1.70000e-02 -9 -9 40.97415 35.15418 -99 57609.238 0.554 0.11608 0.30150 4.65312e-02 3.91716e-02 18.22071 4.34704e-02 9.24091e-04 3.69985e-05 -7.87783e-04 4.37542e-07 -1.24023e-06 8 12.37161 0.13538
SN: ATLAS16cpu 150 1 NULL 3 0.01819 0.00001 0.01851 0.00001 0.01842 0.00085 -2.73230e+01 250 2.40212e-02 10.27800 1.20000e-02 -9 -9 68.01391 66.80833 -99 57630.918 0.365 -8.80907e-01 0.16202 5.54850e-02 3.50180e-02 15.57525 3.94336e-02 1.05658e-02 3.83746e-04 5.50117e-04 -1.98209e-06 -1.14140e-05 6 11.57575 7.21308e-02
SN: ATLAS16cxr 150 1 NULL 3 0.01552 0.00100 0.01519 0.00100 0.01544 0.00131 75.22700 250 0.11019 8.27100 2.00000e-03 -9 -9 67.47845 64.36201 -99 57666.570 0.089 -3.70076e-02 8.89902e-02 5.17139e-02 3.27119e-02 15.34289 4.34028e-02 1.30871e-02 5.23164e-04 -1.80619e-05 -5.78170e-06 -1.43599e-05 8 20.69605 8.00019e-03
SN: ATLAS16dpb 150 1 NULL 3 0.02308 0.00003 0.02239 0.00003 0.02260 0.00085 59.84400 250 0.16073 11.03000 0 -9 -9 58.62954 54.83675 -99 57688.418 0.499 -1.93335e+00 0.18127 9.60687e-02 4.14024e-02 16.42348 5.95498e-02 4.83733e-03 2.65315e-04 -7.82982e-04 5.46239e-06 -8.50872e-06 4 34.84542 4.99766e-07
SN: ATLAS16dqf 150 1 NULL 3 0.02117 0.00018 0.02021 0.00018 0.02008 0.00087 -4.05490e+01 250 6.02357e-02 6.76800 3.00000e-02 -9 -9 64.81265 16.57753 -99 57703.562 0.205 0.80987 0.19141 0.10848 5.87309e-02 15.69034 7.94514e-02 9.50310e-03 6.95413e-04 1.31537e-04 -1.90811e-05 -3.87626e-05 4 7.85325 9.71042e-02
SN: ATLAS17ajn 150 1 NULL 3 0.02871 0.00003 0.02985 0.00003 0.02968 0.00086 -4.73890e+01 250 6.46491e-02 10.62400 1.30000e-02 -9 -9 60.54858 57.18964 -99 57776.582 0.543 -2.01324e+00 0.12191 -9.83457e-02 3.99013e-02 16.28440 6.09659e-02 5.49847e-03 3.08748e-04 6.72232e-05 -1.01813e-05 -9.26474e-06 8 15.28920 5.37601e-02
SN: ATLAS17ajs 150 1 NULL 3 0.03265 0.00001 0.03367 0.00001 0.03395 0.00086 81.36400 250 1.54495e-02 10.12500 1.20000e-02 -9 -9 58.77408 54.73538 -99 57782.098 0.825 1.52449 0.32567 0.17498 3.60919e-02 17.07654 4.18895e-02 2.65085e-03 1.02274e-04 -1.44691e-03 7.42937e-06 -3.13836e-06 4 0.98375 0.91225
SN: ATLAS17axb 150 1 NULL 3 0.03165 0.00010 0.03261 0.00010 0.03131 0.00087 -3.77871e+02 250 9.40993e-02 9.90400 2.00000e-03 -9 -9 59.53105 56.26556 -99 57796.684 0.232 -1.36555e-01 0.14519 -9.43455e-02 3.47572e-02 16.08727 4.25345e-02 6.59314e-03 2.58291e-04 -2.27025e-04 -5.33819e-06 -7.43746e-06 6 14.65990 2.30734e-02
SN: ATLAS17bas 150 1 NULL 3 0.02222 0.00001 0.02329 0.00001 0.02278 0.00085 -1.49822e+02 250 1.96324e-02 10.32300 1.00000e-03 -9 -9 67.72108 66.99667 -99 57813.191 0.138 0.79909 0.11797 3.41446e-02 3.29577e-02 15.35970 3.77168e-02 1.28860e-02 4.47641e-04 -4.81611e-05 -9.68808e-06 -1.28028e-05 6 13.28976 3.86584e-02
SN: CSS160129 150 1 NULL 3 0.06766 0.00100 0.06836 0.00100 0.06833 0.00134 -6.90600e+00 250 3.24758e-02 6 0.10000 -9 -9 46.48245 45.70112 -99 57416.180 0.692 0.67380 0.18934 -1.57160e-01 3.76387e-02 17.50964 4.73762e-02 1.77886e-03 7.76210e-05 -2.68322e-03 4.86041e-06 -2.37809e-06 12 13.68282 0.32142
SN: CSS160428 150 1 NULL 3 0.03029 0.00015 0.03080 0.00015 0.03087 0.00087 21.88400 250 9.52833e-03 6 0.10000 -9 -9 64.24449 62.79714 -99 57517.578 0.245 0.83460 0.14518 -5.10272e-02 3.21763e-02 16.16790 3.55454e-02 6.12123e-03 2.00400e-04 -2.01415e-04 -1.30814e-06 -5.59934e-06 10 21.43414 1.82617e-02
SN: Gaia16acv 150 1 NULL 3 0.07772 0.00010 0.07829 0.00010 0.07834 0.00090 13.75200 250 1.02858e-02 9.16200 9.30000e-02 -9 -9 38.16100 36.02882 -99 57434.914 0.066 0.85484 0.31492 -1.43162e-01 4.06878e-02 18.14221 4.09344e-02 9.93380e-04 3.74524e-05 -7.24113e-04 -3.10484e-06 -1.21615e-06 10 24.07737 7.39765e-03
SN: Gaia16agf 150 1 NULL 3 0.02507 0.00003 0.02552 0.00003 0.02515 0.00086 -1.07122e+02 250 5.71243e-02 6 0.10000 -9 -9 65.18658 63.25108 -99 57455.859 0.170 1.36582 0.14523 4.22772e-02 3.28413e-02 15.95366 3.86821e-02 7.45655e-03 2.65659e-04 -3.79043e-06 -6.59852e-06 -7.44812e-06 10 14.02927 0.17166
SN: Gaia16aki 150 1 NULL 3 0.07363 0.00001 0.07396 0.00001 0.07386 0.00090 -2.87270e+01 250 3.67900e-02 10.17900 1.30000e-02 -9 -9 38.10266 35.86377 -99 57490.809 0.029 0.54813 0.17192 -7.91439e-02 3.70543e-02 18.00919 3.93913e-02 1.12286e-03 4.07381e-05 -8.81613e-04 -9.57260e-07 -1.26111e-06 20 45.72999 8.77686e-04
SN: Gaia16bba 150 1 NULL 3 0.03046 0.00009 0.02937 0.00009 0.02979 0.00086 122.58000 250 4.00056e-02 8.65100 2.30000e-02 -9 -9 65.45351 64.15540 -99 57626.152 0.701 0.24879 0.15633 -6.92818e-02 3.52743e-02 16.00862 5.21688e-02 7.08848e-03 3.40596e-04 -1.17373e-03 1.74309e-05 -9.73867e-06 4 6.60353 0.15838
SN: iPTF16auf 150 1 NULL 3 0.01502 0.00000 0.01565 0.00000 0.01532 0.00085 -9.84630e+01 250 1.30772e-02 9.06700 1.70000e-02 -9 -9 71.42979 69.18697 -99 57538.086 0.086 0.12896 7.80297e-02 4.44635e-02 3.05516e-02 15.06596 3.58060e-02 1.68895e-02 5.56990e-04 1.15854e-04 -5.24383e-06 -1.52490e-05 18 120.60724 3.22324e-17
SN: iPTF17dz 150 1 NULL 3 0.09200 0.01000 0.09276 0.01000 0.09292 0.01004 42.31300 250 2.48646e-02 9.13700 0.13800 -9 -9 24.16903 19.57364 12.69893 57766.906 0.854 1.43496 0.67433 5.01622e-02 6.96016e-02 18.93261 0.13808 4.79686e-04 6.10057e-05 8.00163e-03 -2.12041e-05 -3.74357e-06 10 6.24816 0.79400
SN: MASTERJ0134 150 1 NULL 3 0.04485 0.00004 0.04394 0.00004 0.04339 0.00087 -1.58954e+02 250 1.76115e-02 9.81000 2.00000e-03 -9 -9 59.30346 44.58646 -99 57665.715 0.629 0.43116 0.19672 -6.88739e-02 4.28694e-02 16.78131 6.17795e-02 3.47917e-03 1.97968e-04 -4.10649e-04 2.49401e-06 -7.57486e-06 5 2.76829 0.73566
SN: MASTEROTJ08 150 1 NULL 3 0.03058 0.00015 0.03154 0.00015 0.03105 0.00087 -1.40033e+02 250 3.13373e-02 6 0.10000 -9 -9 60.18687 57.38247 -99 57795.215 0.539 -6.67937e-01 0.14353 -2.02331e-01 4.10258e-02 15.58853 6.65130e-02 1.04373e-02 6.39398e-04 6.05124e-04 -3.71436e-05 -2.10937e-05 4 23.19225 3.10161e-04
SN: MASTEROTJ15 150 1 NULL 3 0.05644 0.00002 0.05688 0.00002 0.05669 0.00088 -5.60130e+01 250 2.39152e-02 6 0.10000 -9 -9 32.88537 24.39497 -99 57583.012 0.809 -8.34981e-01 0.35968 0.15390 4.90018e-02 18.22294 6.80176e-02 9.22195e-04 5.77723e-05 -6.27315e-04 2.38886e-06 -2.40204e-06 7 11.30474 0.12587
SN: PS15adh 150 1 NULL 3 0.10276 0.00002 0.10377 0.00002 0.10388 0.00092 30.59700 250 2.59794e-02 10.93000 2.00000e-03 -9 -9 26.58294 24.56507 21.41855 57136.629 0.814 -5.80645e-01 0.47774 -1.44603e-01 4.21296e-02 18.76803 5.05135e-02 5.58196e-04 2.59699e-05 6.24122e-03 -3.67165e-06 -9.20201e-07 14 12.31467 0.58105
SN: PS15ahs 150 1 NULL 3 0.02551 0.00004 0.02523 0.00004 0.02529 0.00086 17.25300 250 3.08673e-02 10.06800 1.50000e-02 -9 -9 66.00328 65.04748 -99 57156.703 0.108 0.18101 9.33400e-02 -8.51000e-02 3.13449e-02 15.71680 3.53856e-02 9.27430e-03 3.02262e-04 -1.75526e-04 -2.30013e-06 -8.24655e-06 10 24.99137 5.36189e-03
SN: PS15aii 150 1 NULL 3 0.04655 0.00001 0.04764 0.00001 0.04758 0.00087 -1.59990e+01 250 2.24320e-02 10.87500 1.20000e-02 -9 -9 56.56502 55.86928 -99 57158.922 0.147 0.41079 0.13632 -4.64542e-02 3.24802e-02 17.12275 3.59223e-02 2.54039e-03 8.40505e-05 3.83778e-05 -2.00064e-06 -2.35325e-06 10 12.82508 0.23362
SN: PS15asb 150 1 NULL 3 0.04863 0.00033 0.04948 0.00033 0.05045 0.00094 277.05200 250 4.56489e-02 6 0.10000 -9 -9 52.09243 45.32529 -99 57194.316 0.472 -1.51335e+00 0.24556 8.53577e-03 3.93628e-02 17.42371 4.48203e-02 1.92537e-03 7.94815e-05 -3.25555e-04 1.02654e-06 -2.58411e-06 8 11.53546 0.17316
SN: PS15atx 150 1 NULL 3 0.07188 0.00027 0.07294 0.00027 0.07310 0.00093 45.10900 250 0.10591 10.56400 1.00000e-03 -9 -9 29.06981 28.43334 -99 57193.164 0.864 -1.51303e+00 0.82431 -1.40595e-01 5.23296e-02 18.18930 5.71732e-02 9.51218e-04 5.00897e-05 3.39583e-03 -1.15635e-05 -2.08434e-06 8 22.64463 3.85176e-03
SN: PS15bbn 150 1 NULL 3 0.03710 0.00012 0.03605 0.00012 0.03602 0.00087 -8.95200e+00 250 7.12180e-02 8.23000 1.20000e-02 -9 -9 59.60402 57.43125 -99 57213.910 0.542 1.54688 0.25654 -4.25772e-02 3.56353e-02 16.61635 4.34728e-02 4.05006e-03 1.62164e-04 -6.18649e-04 3.49876e-06 -4.72546e-06 8 8.55400 0.38130
SN: PS15bdr 150 1 NULL 3 0.07096 0.00001 0.07094 0.00001 0.07130 0.00089 99.93400 250 1.37885e-02 11.07900 1.00000e-03 -9 -9 38.27328 35.26577 -99 57215.828 0.172 -2.29617e+00 0.25616 -3.49990e-03 4.41551e-02 18.34603 4.42855e-02 8.23357e-04 3.35835e-05 -1.12710e-03 -1.55976e-06 -1.22357e-06 14 9.79980 0.77667
SN: PS15bif 150 1 NULL 3 0.07937 0.00027 0.07861 0.00027 0.07829 0.00094 -8.96370e+01 250 6.09120e-02 9.89400 3.00000e-03 -9 -9 35.42723 30.22907 24.66378 57234.043 0.239 0.28788 0.29719 -2.22465e-02 3.32621e-02 18.20607 4.41536e-02 9.36636e-04 3.80901e-05 4.28083e-03 -5.34139e-06 -1.12698e-06 21 37.31640 1.54792e-02
SN: PS15bjg 150 1 NULL 3 0.06889 0.00001 0.06766 0.00001 0.06766 0.00089 -2.14400e+00 250 7.92819e-02 11.60800 1.00000e-03 -9 -9 29.36841 23.02550 -99 57239.188 0.209 -8.72940e-01 0.25644 -1.43135e-01 4.55454e-02 18.03687 5.10737e-02 1.09459e-03 5.14904e-05 1.10371e-04 -4.16593e-06 -1.87253e-06 8 21.85584 5.19004e-03
SN: PS15brr 150 1 NULL 3 0.05180 0.00009 0.05068 0.00009 0.05053 0.00088 -4.42900e+01 250 2.76298e-02 10.15600 1.30000e-02 -9 -9 51.29077 45.84871 -99 57259.309 0.847 0.87016 0.32454 -7.82187e-02 4.27579e-02 17.00248 6.05106e-02 2.83796e-03 1.58166e-04 -1.97542e-03 1.12848e-05 -5.81662e-06 6 13.17185 4.03867e-02
SN: PS15bsq 150 1 NULL 3 0.03430 0.00002 0.03312 0.00002 0.03405 0.00086 268.73099 250 2.95990e-02 10.96100 1.30000e-02 -9 -9 62.37650 60.06161 -99 57262.859 0.118 0.52749 0.12664 -6.48333e-02 3.27190e-02 16.26697 3.72116e-02 5.58743e-03 1.91499e-04 9.24962e-05 -5.54271e-06 -5.38159e-06 8 9.59420 0.29467
SN: PS15bwh 150 1 NULL 3 0.07267 0.00043 0.07156 0.00043 0.07153 0.00099 -9.41800e+00 250 2.47259e-02 6 0.10000 -9 -9 56.42455 42.86259 -99 57279.023 0.094 0.73285 0.21155 -7.60984e-02 3.65338e-02 17.67233 3.83522e-02 1.53132e-03 5.40919e-05 -1.22175e-03 -2.12427e-06 -1.62604e-06 12 12.10963 0.43692
SN: PS15bzz 150 1 NULL 3 0.08024 0.00001 0.07909 0.00001 0.07948 0.00090 106.66200 250 1.72497e-02 9.59200 5.30000e-02 -9 -9 37.84409 32.26982 27.78975 57284.391 0.193 -9.78427e-01 0.19205 -1.96291e-02 3.19376e-02 18.33539 3.88135e-02 8.31463e-04 2.97236e-05 -3.68250e-04 -4.61185e-07 -8.08762e-07 21 26.03392 0.20516
SN: PS15cfn 150 1 NULL 3 0.11057 0.00015 0.10954 0.00015 0.10949 0.00094 -1.24520e+01 250 2.44013e-02 8.36600 1.30000e-02 -9 -9 25.44495 21.20366 19.87429 57310.258 0.240 1.45979 0.30149 -8.43911e-02 3.48805e-02 18.82649 4.25436e-02 5.28936e-04 2.07259e-05 1.50942e-03 -2.36586e-06 -5.81754e-07 32 39.70932 0.16416
SN: PS15cku 150 1 NULL 3 0.02327 0.00007 0.02224 0.00007 0.02327 0.00086 303.60999 250 2.26450e-02 9.57600 1.10000e-02 -9 -9 65.80051 63.62512 -99 57319.156 0.303 0.87882 0.16262 -7.31264e-03 3.32221e-02 15.71884 3.75408e-02 9.25688e-03 3.20069e-04 -1.29907e-04 -5.22368e-06 -9.16736e-06 8 11.65408 0.16732
SN: PS15cms 150 1 NULL 3 0.06479 0.00003 0.06595 0.00003 0.06638 0.00089 119.53500 250 2.24483e-02 10.69400 1.00000e-03 -9 -9 36.16723 27.11715 -99 57325.746 0.731 1.40856 0.36313 -1.62996e-02 4.29948e-02 17.82465 4.73803e-02 1.33088e-03 5.80783e-05 -4.85524e-03 9.97842e-07 -1.99041e-06 10 6.59071 0.76344
SN: PS15coh 150 1 NULL 3 0.01884 0.00007 0.01797 0.00007 0.01858 0.00085 179.89700 250 0.11837 8.63000 2.00000e-03 -9 -9 70.35603 66.96167 -99 57329.422 0.119 1.36976 9.89047e-02 -3.33289e-02 3.38869e-02 14.93103 4.41651e-02 1.91243e-02 7.77931e-04 -5.98922e-04 -1.16900e-06 -2.17473e-05 18 12.60229 0.81464
SN: PS15cwx 150 1 NULL 3 0.03006 0.00011 0.03006 0.00011 0.03099 0.00087 270.72800 250 0.14867 10.24000 1.00000e-03 -9 -9 65.46399 50.72627 -99 57348.496 0.317 -1.42571e+00 8.62293e-02 -6.74246e-02 3.71497e-02 16.18753 5.23263e-02 6.01157e-03 2.89723e-04 -7.78605e-04 -1.04814e-06 -8.51985e-06 18 11.17156 0.88694
SN: PS15cze 150 1 NULL 3 0.03937 0.00002 0.03893 0.00002 0.04086 0.00087 557.21503 250 0.18479 10.62400 1.30000e-02 -9 -9 48.82216 35.33496 -99 57364.340 0.169 -1.50640e+00 0.23708 3.40400e-02 3.86302e-02 17.57444 5.56560e-02 1.67581e-03 8.59037e-05 -2.71303e-04 -1.94946e-06 -2.65855e-06 14 27.83280 1.49725e-02
SN: PS15mt 150 1 NULL 3 0.07085 0.00009 0.07186 0.00009 0.07140 0.00090 -1.27187e+02 250 2.11722e-02 8.85600 4.70000e-02 -9 -9 63.03837 62.12804 -99 57105.836 0.291 1.60933 0.29301 -6.70271e-02 3.60935e-02 17.90860 3.59110e-02 1.23186e-03 4.07441e-05 -9.97286e-04 -2.67222e-06 -1.15643e-06 8 10.88374 0.20837
SN: PS16aer 150 1 NULL 3 0.05547 0.00001 0.05662 0.00001 0.05717 0.00088 156.34200 250 2.01180e-02 11.03000 1.20000e-02 -9 -9 49.59359 38.92874 -99 57434.113 0.154 -8.64227e-02 0.21476 3.92565e-02 3.51058e-02 17.84446 3.97426e-02 1.30682e-03 4.78354e-05 1.18881e-03 -3.14308e-06 -1.49088e-06 19 29.83211 5.39744e-02
SN: PS16axi 150 1 NULL 3 0.03930 0.00001 0.04052 0.00001 0.04002 0.00087 -1.42835e+02 250 3.38311e-02 10.83600 1.00000e-03 -9 -9 66.24909 50.12938 -99 57461.422 0.463 -8.29359e-01 0.20120 -2.15545e-02 3.85236e-02 16.90073 4.58205e-02 3.11680e-03 1.31536e-04 -1.69620e-03 4.99416e-06 -4.65343e-06 12 23.98603 2.04302e-02
SN: PS16ayd 150 1 NULL 3 0.05400 0.00001 0.05481 0.00001 0.05471 0.00088 -2.78990e+01 250 4.17231e-02 10.66800 2.40000e-02 -9 -9 63.73428 48.04416 -99 57460.781 0.401 0.90545 0.20693 -1.23831e-01 3.30838e-02 17.15001 3.76726e-02 2.47741e-03 8.59606e-05 4.18385e-04 -6.20126e-07 -2.48963e-06 16 31.07325 1.31694e-02
SN: PS16bby 150 1 NULL 3 0.05343 0.00008 0.05426 0.00008 0.05522 0.00088 273.95001 250 9.92413e-02 10.90800 2.00000e-03 -9 -9 38.76307 33.48706 -99 57467.105 0.278 -1.19043e+00 0.34358 -4.58778e-04 4.03588e-02 17.66868 4.88514e-02 1.53648e-03 6.91322e-05 1.88169e-03 -8.27603e-06 -2.29484e-06 9 12.00500 0.21303
SN: PS16bnz 150 1 NULL 3 0.06270 0.00021 0.06371 0.00021 0.06434 0.00091 179.13200 250 3.79398e-02 11.24400 0 -9 -9 44.25100 41.85993 -99 57487.492 0.169 -1.12913e+00 0.21997 -1.31173e-01 3.61345e-02 17.67167 3.84076e-02 1.53226e-03 5.42031e-05 6.16397e-04 -3.01592e-06 -1.64108e-06 10 8.97180 0.53478
SN: PS16ccn 150 1 NULL 3 0.02431 0.00016 0.02396 0.00016 0.02457 0.00087 177.84500 250 5.77757e-02 8.16900 1.30000e-02 -9 -9 70.35865 65.41424 -99 57508.359 0.238 0.49917 0.11082 -1.29166e-01 3.33140e-02 15.57702 4.12811e-02 1.05485e-02 4.01067e-04 -4.96913e-04 1.44419e-06 -1.18559e-05 16 32.29541 9.15035e-03
SN: PS16cqa 150 1 NULL 3 0.04386 0.00001 0.04431 0.00001 0.04540 0.00087 313.94800 250 3.39602e-02 11.19600 1.00000e-03 -9 -9 34.27145 22.52769 -99 57545.238 0.041 -2.76792e+00 0.30965 0.17544 5.64842e-02 18.23088 6.56894e-02 9.15474e-04 5.53882e-05 1.03235e-03 -3.18599e-06 -2.78996e-06 8 20.46566 8.71079e-03
SN: PS16cvc 150 1 NULL 3 0.02954 0.00009 0.02847 0.00009 0.02961 0.00086 332.07800 250 8.23755e-02 8.91900 0.25800 -9 -9 61.93165 59.51791 -99 57564.043 0.429 1.32683 0.16169 -1.02531e-01 3.38489e-02 16.02167 4.36074e-02 7.00377e-03 2.81299e-04 -1.56345e-03 9.38720e-06 -7.89187e-06 19 78.57755 3.26628e-09
SN: PS16dnp 150 1 NULL 3 0.05127 0.00003 0.05004 0.00003 0.05013 0.00088 24.76900 250 7.90465e-02 8.35300 0.28500 -9 -9 60.43974 47.71559 -99 57597.891 0.385 0.91876 0.25629 -8.90394e-02 3.45054e-02 17.26968 4.23189e-02 2.21885e-03 8.64846e-05 -6.96431e-04 1.40876e-06 -2.60759e-06 14 27.69864 1.55961e-02
SN: PS16el 150 1 NULL 3 0.04781 0.00001 0.04891 0.00001 0.04947 0.00087 161.12801 250 3.33659e-02 10.48000 1.00000e-03 -9 -9 60.89916 48.90584 -99 57394.941 0.200 -1.31893e+00 0.16347 -3.56678e-02 3.74494e-02 17.32108 4.22602e-02 2.11626e-03 8.23711e-05 -6.64233e-04 -5.44755e-07 -2.74659e-06 12 9.57184 0.65347
SN: PS16em 150 1 NULL 3 0.06982 0.00017 0.07105 0.00017 0.07097 0.00091 -2.08640e+01 250 3.66953e-02 10.39900 2.00000e-03 -9 -9 46.93452 13.43926 -99 57386.715 1.176 -1.05307e+00 0.21048 0.23011 8.93214e-02 18.83691 0.13374 5.23883e-04 6.45317e-05 -8.43727e-03 7.32940e-06 -5.57259e-06 20 19.30139 0.50232
SN: PS16evk 150 1 NULL 3 0.05447 0.00001 0.05326 0.00001 0.05271 0.00088 -1.56455e+02 250 6.13595e-02 10.30800 1.00000e-03 -9 -9 39.55661 39.50346 -99 57695.062 0.773 1.29069 0.37095 -1.85992e-02 4.02471e-02 17.40215 5.09304e-02 1.96400e-03 9.21283e-05 -1.18180e-03 3.29929e-06 -2.97779e-06 6 14.53110 2.42346e-02
SN: PS16fa 150 1 NULL 3 0.04611 0.00001 0.04729 0.00001 0.04705 0.00087 -6.93620e+01 250 2.18181e-02 10.83400 1.30000e-02 -9 -9 53.58363 48.29599 -99 57400.297 0.171 -6.54315e-01 0.10369 7.09573e-04 3.20523e-02 17.42109 3.56639e-02 1.93004e-03 6.33972e-05 -3.83256e-04 -8.55592e-08 -1.76388e-06 18 19.27498 0.37508
SN: PS16fbb 150 1 NULL 3 0.05250 0.00010 0.05144 0.00010 0.05122 0.00088 -6.24920e+01 250 1.76234e-02 9.50500 1.40000e-02 -9 -9 49.65847 48.40424 -99 57719.582 0.096 0.69316 0.21470 -1.06550e-01 3.77492e-02 17.27084 4.16372e-02 2.21649e-03 8.50006e-05 1.59091e-03 -6.05845e-06 -2.77371e-06 5 15.77833 7.50628e-03
SN: PS16n 150 1 NULL 3 0.05273 0.00002 0.05267 0.00002 0.05321 0.00088 152.10899 250 6.58894e-02 10.39000 3.80000e-02 -9 -9 59.72942 40.25087 -99 57392.531 0.207 -3.17872e-01 0.19802 -5.49915e-02 4.08293e-02 17.40965 4.88105e-02 1.95047e-03 8.76855e-05 -5.94969e-05 -3.11758e-06 -3.20684e-06 14 23.15086 5.78588e-02
SN: PS17akj 150 1 NULL 3 0.04681 0.00001 0.04776 0.00001 0.04789 0.00087 36.11800 250 4.42696e-02 8.97800 5.00000e-03 -9 -9 53.16108 46.18390 -99 57798.652 0.303 1.30866 0.24705 -2.78103e-02 3.69247e-02 16.99484 4.31161e-02 2.85801e-03 1.13495e-04 4.24273e-04 -9.18010e-06 -3.47715e-06 6 22.15041 1.13718e-03
SN: PS17bii 150 1 NULL 3 0.07339 0.00002 0.07459 0.00002 0.07421 0.00090 -1.04325e+02 250 6.61965e-02 10.87300 2.00000e-03 -9 -9 32.71481 29.88355 -99 57811.785 0.389 -8.60188e-01 0.39883 -9.12839e-02 4.47146e-02 18.08581 4.69776e-02 1.04635e-03 4.52735e-05 1.61647e-04 -4.37310e-06 -1.63428e-06 6 18.32470 5.46998e-03
SN: PS17tn 150 1 NULL 3 0.04470 0.00001 0.04546 0.00001 0.04618 0.00087 207.98000 250 1.45025e-02 10.46400 1.00000e-03 -9 -9 54.50248 51.65611 -99 57785.535 0.241 -6.41995e-01 0.17123 5.94716e-02 3.44954e-02 17.31730 3.79371e-02 2.12362e-03 7.42024e-05 -9.55759e-05 -2.06182e-06 -2.20469e-06 8 26.79035 7.68383e-04
SN: PS17yt 150 1 NULL 3 0.06976 0.00002 0.07042 0.00002 0.07069 0.00089 74.56900 250 9.18051e-03 6 0.10000 -9 -9 40.39541 40.28424 -99 57786.617 0.211 0.41344 0.26564 -1.46910e-01 3.70095e-02 17.80667 3.90755e-02 1.35311e-03 4.86983e-05 -2.75300e-04 -4.09914e-06 -1.43864e-06 8 12.19323 0.14279
SN: PSNJ0107203 150 1 NULL 3 0.01701 0.00004 0.01602 0.00004 0.01736 0.00085 397.14301 250 5.95594e-02 11.04300 1.00000e-03 -9 -9 69.14079 68.01631 -99 57352.035 0.152 -1.99061e+00 0.17411 -9.56740e-02 3.78715e-02 14.77376 4.31438e-02 2.21052e-02 8.78393e-04 2.42491e-04 -2.92567e-05 -2.81698e-05 8 12.15967 0.14422
SN: PSNJ0153424 150 1 NULL 3 0.02565 0.00001 0.02476 0.00001 0.02557 0.00085 235.70799 250 4.65803e-02 10.65100 1.00000e-03 -9 -9 64.65017 62.22020 -99 57393.656 0.102 -5.96458e-01 8.82824e-02 7.17491e-02 3.22978e-02 16.21147 3.77748e-02 5.88048e-03 2.04593e-04 -1.34354e-04 -1.97413e-06 -5.72332e-06 10 20.26204 2.68694e-02
SN: PSNJ0252467 150 1 NULL 3 0.02809 0.00003 0.02750 0.00003 0.02803 0.00086 155.02299 250 0.17000 10.84200 8.30000e-02 -9 -9 62.36665 60.03168 -99 57289.719 0.266 -2.17223e-01 0.14156 -9.01230e-02 3.49776e-02 15.93757 5.09864e-02 7.56784e-03 3.55387e-04 1.35128e-04 -3.85643e-06 -9.99302e-06 10 52.47193 9.33043e-08
SN: PSNJ0717457 150 1 NULL 3 0.00759 0.00001 0.00812 0.00001 0.00877 0.00084 194.46201 250 5.76285e-02 10.71600 1.00000e-03 -9 -9 71.06182 70.35991 -99 57157.074 0.142 -2.03480e-01 0.19410 3.23094e-02 3.30592e-02 13.67216 3.98525e-02 6.09729e-02 2.23804e-03 1.09998e-03 -1.12981e-04 -6.45786e-05 4 1.53932 0.81965
SN: PSNJ0859349 150 1 NULL 3 0.02812 0.00001 0.02873 0.00001 0.02918 0.00086 132.25400 250 2.08491e-02 10.65000 1.00000e-02 -9 -9 70.14990 69.59982 -99 57099.398 0.227 -8.75730e-01 0.13131 6.67755e-02 3.28333e-02 16.51462 3.71200e-02 4.44789e-03 1.52068e-04 1.88132e-04 -1.92863e-06 -4.36047e-06 8 20.78142 7.75131e-03
SN: PSNJ1204051 150 1 NULL 3 0.04385 0.00001 0.04497 0.00001 0.04539 0.00087 119.56000 250 2.70148e-02 10.60000 2.00000e-03 -9 -9 53.48231 48.89934 -99 57170.309 0.404 1.25596 0.22436 4.25675e-02 3.50764e-02 17.08308 3.90657e-02 2.63493e-03 9.48072e-05 -3.67895e-04 -1.76712e-06 -2.81703e-06 8 15.61956 4.81605e-02
SN: PSNJ1602512 150 1 NULL 3 0.02025 0.00013 0.02039 0.00013 0.02030 0.00086 -2.66420e+01 250 1.45255e-02 11.74000 1.00000e-03 -9 -9 67.86967 66.79959 -99 57172.398 0.101 0.36944 0.11546 0.10231 3.16533e-02 15.67308 3.66179e-02 9.65533e-03 3.25639e-04 1.56780e-04 -7.58477e-06 -9.02712e-06 8 26.92342 7.28837e-04
SN: PSNJ2043531 150 1 NULL 3 0.01550 0.00002 0.01451 0.00002 0.01529 0.00085 232.13600 250 8.57212e-02 11.14500 1.00000e-03 -9 -9 67.70311 64.82469 -99 57226.008 0.151 -2.54701e+00 0.13781 9.52720e-02 3.89145e-02 15.71840 4.56328e-02 9.26060e-03 3.89217e-04 2.35222e-04 -7.81407e-06 -1.27924e-05 10 23.69299 8.45835e-03
SN: PSNJ2352371 150 1 NULL 3 0.02648 0.00001 0.02528 0.00001 0.02602 0.00085 218.22600 250 3.55061e-02 10.85100 5.00000e-03 -9 -9 61.25003 59.41839 -99 57284.246 0.423 -2.08373e+00 0.13432 -1.08322e-02 3.81481e-02 16.41665 4.29781e-02 4.86790e-03 1.92692e-04 4.01417e-05 -5.18487e-07 -6.11411e-06 10 28.49673 1.50240e-03
SN: PTSS-16efw 150 1 NULL 3 0.03557 0.00002 0.03543 0.00002 0.03577 0.00086 100.41700 250 0.17693 10.73900 6.00000e-03 -9 -9 51.10582 46.43687 -99 57509.277 0.809 -6.25370e-02 0.16306 -1.22346e-01 4.00186e-02 16.69515 7.35332e-02 3.76650e-03 2.55092e-04 -1.14714e-03 8.44579e-06 -8.00308e-06 8 17.66513 2.38821e-02
SN: PTSS17-niq 150 1 NULL 3 0.06828 0.00001 0.06905 0.00001 0.06919 0.00089 41.01100 250 2.04560e-02 10.77600 1.00000e-03 -9 -9 42.58923 38.32143 -99 57842.238 0.774 -5.08374e-01 0.33348 -3.44377e-02 4.00451e-02 17.99331 4.68321e-02 1.13940e-03 4.91468e-05 -2.62928e-03 4.54512e-06 -1.61419e-06 6 16.50287 1.12948e-02
SN: SN2016aqb 150 1 NULL 3 0.06289 0.00004 0.06412 0.00004 0.06392 0.00089 -5.76350e+01 250 3.23366e-02 10.39700 1.30000e-02 -9 -9 62.42260 45.61777 -99 57450.477 0.213 0.74971 0.25397 -9.39935e-02 3.33025e-02 17.41573 3.66986e-02 1.93958e-03 6.55589e-05 2.98918e-04 -3.31103e-06 -1.89445e-06 16 15.46041 0.49121
SN: SN2016ayg 150 1 NULL 3 0.04269 0.00012 0.04326 0.00012 0.04340 0.00088 41.80100 250 4.20161e-02 8.48200 9.90000e-02 -9 -9 50.75507 50.05870 -99 57467.594 0.147 -3.79418e-01 0.15880 -1.20044e-01 3.48756e-02 16.90356 3.96052e-02 3.10868e-03 1.13397e-04 3.23743e-04 -4.86202e-06 -3.35872e-06 8 27.06231 6.89684e-04
SN: SN2016coj 150 1 NULL 3 0.00452 0.00006 0.00489 0.00006 0.00542 0.00084 159.94501 250 1.63040e-02 10.62300 0 -9 -9 72.03566 71.93665 -99 57548.098 0.109 -1.48104e+00 8.40102e-02 -4.94907e-03 3.39889e-02 12.84755 3.76577e-02 0.13031 4.51969e-03 -1.19512e-04 -4.06913e-05 -1.33687e-04 11 31.59230 8.86447e-04
SN: SN2016esh 150 1 NULL 3 0.04457 0.00003 0.04487 0.00003 0.04586 0.00087 284.03900 250 3.06493e-02 9.77600 7.00000e-03 -9 -9 54.84850 52.19242 -99 57613.309 0.233 -1.38973e+00 0.28936 -1.01696e-01 4.11476e-02 16.82645 4.71875e-02 3.33748e-03 1.45051e-04 2.15472e-03 -1.86757e-05 -5.02670e-06 6 15.33500 1.78052e-02
SN: SN2016gfr 150 1 NULL 3 0.01669 0.00012 0.01631 0.00012 0.01692 0.00086 181.29500 250 0.11479 9.78400 6.00000e-03 -9 -9 69.79117 69.18272 -99 57657.574 0.177 0.13848 0.10682 -1.60516e-02 3.23099e-02 14.62383 4.30707e-02 2.53786e-02 1.00676e-03 -7.46455e-05 -1.22659e-05 -2.70130e-05 8 17.00539 3.00530e-02
SN: SN2016glp 150 1 NULL 3 0.08493 0.00012 0.08375 0.00012 0.08364 0.00091 -2.96460e+01 250 4.56357e-02 10.90500 1.40000e-02 -9 -9 33.25345 27.94660 18.95466 57658.727 0.230 0.98104 0.35747 0.13390 4.20526e-02 18.85826 6.06030e-02 5.13682e-04 2.86724e-05 3.58863e-03 -4.76429e-06 -1.09126e-06 30 52.80605 6.22694e-03
SN: SN2016glz 150 1 NULL 3 0.04099 0.00007 0.03979 0.00007 0.04107 0.00087 367.93201 250 7.04579e-02 6 0.10000 -9 -9 60.15261 58.03554 -99 57664.418 0.425 1.39261 0.23055 1.24613e-02 3.41683e-02 16.62051 3.99948e-02 4.03457e-03 1.48620e-04 -4.53582e-04 -1.72924e-06 -4.25533e-06 8 10.01976 0.26364
SN: SN2016gmb 150 1 NULL 3 0.05827 0.00008 0.05714 0.00008 0.05867 0.00089 433.37100 250 2.92604e-02 9.64000 3.00000e-03 -9 -9 44.96933 42.42181 -99 57655.574 1.065 1.43309 0.30852 -1.01850e-01 4.59297e-02 17.28052 7.35975e-02 2.19682e-03 1.48913e-04 -3.08229e-03 1.12459e-05 -5.61484e-06 6 3.77298 0.70737
SN: SN2016grz 150 1 NULL 3 0.08748 0.00050 0.08663 0.00050 0.08716 0.00103 146.78900 250 4.25884e-02 9.08900 2.70000e-02 -9 -9 32.77120 26.81418 25.06229 57670.559 0.017 0.85296 0.38223 5.65080e-02 3.76594e-02 18.63547 4.61474e-02 6.30687e-04 2.68063e-05 4.05324e-03 -3.76032e-06 -8.74571e-07 11 13.75904 0.24661
SN: SN2016hhv 150 1 NULL 3 0.06194 0.00014 0.06074 0.00014 0.06119 0.00090 127.16100 250 5.10693e-02 11.49600 2.00000e-03 -9 -9 40.35392 39.36798 -99 57691.836 0.272 -7.52041e-01 0.29184 -1.78123e-01 4.37121e-02 17.59984 4.95776e-02 1.63706e-03 7.47524e-05 1.25390e-03 -5.43977e-06 -2.72512e-06 4 7.21951 0.12473
SN: SN2016hpx 150 1 NULL 3 0.03337 0.00046 0.03369 0.00046 0.03242 0.00098 -3.66726e+02 250 2.45107e-02 9.89500 1.30000e-02 -9 -9 57.61193 57.05959 -99 57703.867 0.205 0.83880 0.16401 -2.25078e-02 3.67090e-02 16.21298 4.49808e-02 5.87232e-03 2.43283e-04 6.60585e-04 -1.42780e-05 -7.80265e-06 5 15.90815 7.11125e-03
SN: SN2016ixf 150 1 NULL 3 0.06602 0.00011 0.06715 0.00011 0.06709 0.00090 -1.86750e+01 250 2.93128e-02 7.83300 1.80000e-02 -9 -9 43.27929 40.73221 -99 57742.629 0.758 0.77288 0.34653 -1.06284e-01 4.21083e-02 17.79040 4.88997e-02 1.37354e-03 6.18619e-05 -3.34755e-03 4.89126e-06 -2.16409e-06 6 20.30229 2.44625e-03
SN: SN2017cii 150 1 NULL 3 0.03324 0.00001 0.03337 0.00001 0.03275 0.00086 -1.79886e+02 250 5.79915e-02 9.70500 2.00000e-03 -9 -9 60.32872 58.35574 -99 57837.383 0.257 0.34299 0.12245 -1.09490e-01 3.38679e-02 16.26915 4.17112e-02 5.57622e-03 2.14224e-04 -3.87746e-04 -1.21989e-06 -6.13240e-06 8 14.46909 7.03288e-02
SN: SN2017ciy 150 1 NULL 3 0.03765 0.00105 0.03763 0.00105 0.03843 0.00136 230.88901 250 5.52300e-02 10.21500 1.00000e-03 -9 -9 52.97700 49.94493 -99 57838.660 0.623 1.25211 0.21338 -1.63312e-02 3.66291e-02 17.08886 4.66523e-02 2.62094e-03 1.12617e-04 -1.60889e-03 4.66503e-06 -3.32520e-06 6 43.85328 7.90421e-08
SN: SN2017cjv 150 1 NULL 3 0.05953 0.00014 0.06072 0.00014 0.06076 0.00090 10.46800 250 2.59700e-02 10.63600 1.30000e-02 -9 -9 41.42686 40.47015 -99 57839.914 0.054 -1.28073e+00 0.25252 -1.05316e-01 3.89787e-02 17.68842 3.96666e-02 1.50881e-03 5.51232e-05 -7.96794e-04 -8.07840e-07 -1.79653e-06 6 13.44289 3.65178e-02
SN: SN2017ckx 150 1 NULL 3 0.02716 0.00001 0.02777 0.00001 0.02820 0.00086 124.97700 250 2.94114e-02 10.48200 1.00000e-03 -9 -9 60.30492 59.93577 -99 57846.062 0.956 2.09091 0.55408 -1.07429e-02 4.12663e-02 16.02914 4.63618e-02 6.95577e-03 2.97017e-04 -3.98627e-03 -5.32204e-05 -8.95649e-06 4 3.37466 0.49719
SN: SN2017coa 150 1 NULL 3 0.04000 0.00300 0.04043 0.00300 0.04092 0.00312 139.85100 250 5.56855e-02 7.57500 3.00000e-02 -9 -9 49.86904 46.96811 -99 57848.855 0.436 0.72483 0.29803 -3.93540e-02 3.68892e-02 16.95474 4.32429e-02 2.96553e-03 1.18112e-04 -3.97743e-04 -8.68337e-06 -3.58878e-06 5 8.59653 0.12628
SN: SN2017cpu 150 1 NULL 3 0.05440 0.00001 0.05525 0.00001 0.05499 0.00088 -7.42420e+01 250 2.37689e-02 10.70900 1.00000e-03 -9 -9 50.97301 50.33662 -99 57847.695 0.618 0.73217 0.33384 -5.37879e-02 3.72696e-02 17.10527 4.02692e-02 2.58161e-03 9.57500e-05 -2.38026e-03 2.79108e-06 -3.02761e-06 5 9.56884 8.84155e-02
SN: SN2017hn 150 1 NULL 3 0.02385 0.00001 0.02490 0.00001 0.02507 0.00085 48.76800 250 2.83978e-02 10.57700 1.00000e-03 -9 -9 65.34755 63.27836 -99 57768.215 0.387 0.58076 0.21167 -1.93619e-02 3.45293e-02 15.63640 3.89011e-02 9.98715e-03 3.57832e-04 -5.29326e-04 -7.15083e-06 -1.05570e-05 4 2.89850 0.57495
SN: SN2017jl 150 1 NULL 3 0.01633 0.00044 0.01530 0.00044 0.01592 0.00096 181.75200 250 6.32005e-02 9.15500 8.00000e-03 -9 -9 70.50207 69.84953 -99 57784.918 0.103 0.63246 0.11988 2.24465e-03 3.20938e-02 14.49525 3.85419e-02 2.85694e-02 1.01417e-03 8.99369e-05 -1.67571e-05 -2.79836e-05 8 6.28513 0.61533
SN: SN2017mf 150 1 NULL 3 0.02561 0.00001 0.02617 0.00001 0.02577 0.00086 -1.16894e+02 250 9.42173e-03 11.07700 1.30000e-02 -9 -9 64.55569 63.34197 -99 57779.172 0.338 -1.63347e-01 0.14948 -2.54020e-02 3.30607e-02 16.00484 3.65691e-02 7.11318e-03 2.39581e-04 3.68319e-04 -1.45217e-06 -6.71928e-06 5 17.07078 4.36750e-03
SN: SN2017ms 150 1 NULL 3 0.02448 0.00001 0.02536 0.00001 0.02560 0.00086 69.98700 250 8.54963e-03 9.41500 2.00000e-03 -9 -9 67.69947 67.29899 -99 57782.230 0.350 0.49605 0.21679 -1.11284e-01 3.26498e-02 15.53224 3.64259e-02 1.09927e-02 3.68800e-04 -4.29061e-05 -1.61496e-05 -1.03377e-05 4 29.23548 7.00187e-06
